image: /home/grass/catkin_ws/altinaygrassofis.pgm
resolution: 0.050000
origin: [-20.728864, -13.972534, 0.000000]
negate: 0
occupied_thresh: 0.65
free_thresh: 0.196

